[[ 15.08512736  20.20264425  12.17268261   1.        ]
 [ 17.52710421  12.76414365  17.21410939   1.        ]
 [ 14.90430482  17.55624359  16.30828746   1.        ]
 [ 20.90380496  10.21409924  13.27623783   1.        ]
 [ 11.57934402  19.26266926  21.02853775   1.        ]
 [ 17.00451348  10.85510126  20.7628709    1.        ]
 [ 24.59702425   8.95657636  15.24603551   1.        ]
 [ 21.82290312  12.9329608    9.98028565   1.        ]
 [ 18.80234501   6.69866481  11.75033357   1.        ]
 [ 10.3324651   23.42494198  20.52302556   1.        ]
 [  8.03243082  16.71978934  21.30814405   1.        ]
 [ 13.90037983  18.93999021  24.72333162   1.        ]]
